<?xml version="1.0"?>
<opencv_storage>
<tag_0>"11"</tag_0>
<tag_1>"13"</tag_1>
<tag_2>"17"</tag_2>
<tag_3>"22"</tag_3>
<tag_4>"28"</tag_4>
<tag_5>"3"</tag_5>
<tag_6>"38"</tag_6>
<tag_7>"42"</tag_7>
<tag_8>"9"</tag_8>
<tag_9>"0"</tag_9>
<tag_10>"12"</tag_10>
<tag_11>"2"</tag_11>
<tag_12>"20"</tag_12>
<tag_13>"24"</tag_13>
<tag_14>"27"</tag_14>
<tag_15>"34"</tag_15>
<tag_16>"37"</tag_16>
<tag_17>"4"</tag_17>
<tag_18>"5"</tag_18>
<tag_19>"7"</tag_19>
<tag_20>"8"</tag_20>
<tag_21>"15"</tag_21>
<tag_22>"16"</tag_22>
<tag_23>"18"</tag_23>
<tag_24>"43"</tag_24>
<tag_25>"23"</tag_25>
<tag_26>"25"</tag_26>
<tag_27>"29"</tag_27>
<tag_28>"35"</tag_28>
<tag_29>"36"</tag_29>
<tag_30>"39"</tag_30>
<tag_31>"40"</tag_31>
<tag_32>"6"</tag_32>
<tag_33>"1"</tag_33>
<tag_34>"10"</tag_34>
<tag_35>"14"</tag_35>
<tag_36>"19"</tag_36>
<tag_37>"21"</tag_37>
<tag_38>"26"</tag_38>
<tag_39>"30"</tag_39>
<tag_40>"31"</tag_40>
<tag_41>"32"</tag_41>
<tag_42>"33"</tag_42>
<tag_43>"41"</tag_43>
<tag_44>"44"</tag_44>
</opencv_storage>
