<?xml version="1.0"?>
<opencv_storage>
<tag type_id="opencv-matrix">
  <rows>45</rows>
  <cols>45</cols>
  <dt>f</dt>
  <data>
    1.88939905e+03 -3.04515808e+02 -1.67981812e+03 -7.00534973e+02
    -2.50107620e+02 -7.14107056e+01 -5.62449875e+01 -3.53768707e+02
    1.06825244e+03 -1.19464310e+02 -1.17609131e+02 1.19317408e+01
    2.96119751e+02 -7.31342316e+01 -1.49980591e+02 -5.03222618e+01
    -7.74656219e+01 -2.26820938e+02 1.18964478e+02 1.14666969e+02
    -1.53150681e+02 2.30880035e+02 2.95552387e+01 -2.34676987e+02
    -1.69593262e+02 -4.25333672e+01 1.75529709e+01 1.28505035e+02
    -2.66718201e+02 4.19586868e+01 -6.61319113e+00 -2.26071167e+02
    -2.38632793e+01 -2.46039398e+02 1.28610046e+02 8.03096008e+01
    -6.47433548e+01 8.31765518e+01 -2.02856445e+02 1.03848526e+02
    -4.25628632e+02 -1.48694870e+02 -1.21373329e+02 -3.87716560e+01
    -5.63243958e+02 -2.38214941e+03 -1.35600830e+03 1.43150708e+03
    -8.21147400e+02 -5.23205017e+02 -5.34384583e+02 -2.42550797e+02
    1.84662674e+02 4.61618469e+02 -7.73371399e+02 6.60699921e+01
    -1.50588789e+01 6.49899673e+01 2.10886948e+02 -4.40675125e+01
    2.60302368e+02 4.79634438e+01 -8.50260849e+01 6.41436157e+01
    1.13267235e+02 8.54633789e+02 4.22790680e+02 -2.58817078e+02
    3.26952911e+02 2.35162796e+02 -9.19058685e+01 1.74590445e+00
    3.78213959e+02 1.19488503e+02 2.11867386e+02 -1.98822586e+02
    -2.21288853e+01 -5.44454193e+01 7.20090408e+01 1.62405720e+01
    5.44854050e+01 -6.75810318e+01 -3.61593704e+01 6.10770111e+01
    -2.19652882e+01 -1.37069214e+02 1.55248764e+02 1.60502625e+02
    -2.36874065e+01 3.40980042e+02 2.04653699e+03 2.69486353e+03
    3.17601318e+03 -2.07394873e+03 -9.30905151e+02 8.89927673e+02
    5.10117645e+02 -6.22992432e+02 -2.73364929e+02 -1.13473251e+02
    -2.41718201e+02 -3.90712402e+02 -1.22267014e+02 -8.35560837e+01
    3.76455383e+02 -8.30421509e+02 -4.42935371e+01 4.83538300e+02
    1.42560997e+01 6.82927063e+02 9.23570023e+01 1.47564453e+02
    2.88432407e+01 -9.15437775e+01 -1.81600006e+02 1.24860985e+02
    1.90476059e+02 -7.56358147e+00 -7.67958145e+01 2.99746761e+01
    2.24161110e+01 5.43826141e+01 -4.01344833e+01 2.32683229e+00
    3.38121128e+00 -5.40332756e+01 2.77325859e+01 -9.39616489e+00
    1.76631279e+01 -2.69771647e+00 1.91175115e+00 1.78945999e+01
    -4.28904724e+00 7.53597069e+00 -5.64193359e+02 2.48770703e+03
    -6.34261047e+02 -1.78867419e+03 3.23483978e+02 -3.97285706e+02
    9.88049255e+02 -4.32419342e+02 7.39983765e+02 -7.02256042e+02
    5.14682770e+01 9.63339157e+01 5.54851746e+02 -1.30892654e+02
    -4.63568420e+02 -1.48020798e+02 -2.53536530e+02 -9.78906631e+01
    1.36981079e+02 2.37482544e+02 7.97353601e+00 5.80031311e+02
    5.11781082e+01 6.77272797e+01 -6.79580002e+01 8.81411057e+01
    1.87169403e+02 1.73971272e+01 -6.64868774e+01 6.10902252e+01
    -3.38226807e+02 5.47184372e+01 -1.25636528e+02 -1.23894188e+02
    1.18055122e+02 1.20720070e+02 1.20339714e+02 6.69750214e+01
    -2.06707657e+02 2.82751312e+02 8.26568527e+01 -6.83939056e+01
    -2.50061188e+02 3.95866318e+01 -3.11221671e+00 -9.14335449e+02
    2.17377979e+03 1.86053299e+02 1.06967212e+03 2.81109424e+03
    -1.69625977e+03 -6.22746399e+02 1.93662268e+03 5.50026672e+02
    5.66334595e+02 -9.94824951e+02 1.38493744e+02 2.52037125e+02
    -4.70454773e+02 -5.63399696e+01 -1.30430079e+01 -5.38968124e+01
    1.70363266e+02 -6.14687042e+01 -4.16871216e+02 7.67833786e+01
    -1.01327415e+02 -8.38575668e+01 -1.93723604e-01 1.33506737e+01
    4.76291656e+01 2.45281433e+02 4.30695877e+01 -3.47237396e+01
    -1.63185272e+02 -1.17936623e+02 -8.62452602e+00 1.15537262e+01
    3.38637428e+01 -4.18109818e+01 7.58624573e+01 1.27740868e+02
    -2.58489628e+01 -5.57363091e+01 -5.11589012e+01 -8.99417191e+01
    2.71620216e+01 4.16461420e+00 -2.83170199e+00 -8.15990162e+00
    -8.74025513e+02 1.59514343e+03 -2.69910614e+02 -1.61374036e+03
    -7.43067627e+02 -2.36911560e+02 -3.68607544e+02 1.26133263e+02
    -4.16190460e+02 1.11190076e+03 -4.15481171e+02 -2.07093063e+02
    -3.63177734e+02 2.65217865e+02 8.41007843e+01 2.57243927e+02
    -7.05363617e+01 1.52819885e+02 -1.43077728e+02 3.68186455e+01
    -2.19093674e+02 -8.94872589e+01 -5.37620964e+01 -5.13518944e+01
    -5.13676682e+01 -1.21557327e+02 5.52850800e+01 7.51067505e+01
    -1.01928551e+02 2.14452271e+02 1.27219528e+02 -6.07283630e+01
    -4.41732979e+01 -1.61306763e+01 -1.33175400e+02 -1.14450104e+02
    -2.87155396e+02 3.99787927e+00 -1.12886154e+02 5.81793098e+01
    -8.29166489e+01 2.04298935e+02 -2.83974854e+02 3.06685608e+02
    -1.15082954e+02 -5.20671082e+02 -2.37778564e+03 -1.60386682e+03
    5.82783020e+02 -8.46208008e+02 3.44231720e+01 -6.03976685e+02
    -1.52867844e+02 3.72465973e+02 2.40769363e+02 -4.85012451e+02
    2.21273819e+02 5.38931213e+02 1.28391098e+02 -1.07061981e+02
    1.37194366e+02 -5.74469910e+01 -4.65063995e+02 3.72384674e+02
    -1.08665100e+02 -3.77969513e+01 -7.23247604e+01 -1.63668198e+02
    9.56484451e+01 1.49471878e+02 -7.80412064e+01 -1.80164520e+02
    -6.24925880e+01 -1.03116508e+02 -5.27659721e+01 2.62252350e+01
    1.44259005e+01 9.66252441e+01 3.65993261e+00 -4.54634895e+01
    2.68477264e+02 -5.23706398e+01 3.60817413e+02 4.21083191e+02
    1.56846161e+02 -1.85928253e+02 2.70148525e+01 -1.09955307e+02
    -7.23999710e+01 -2.92201824e+01 6.23918274e+02 -2.39316211e+03
    2.22688965e+03 -9.59861450e+02 3.05133240e+02 -6.91944824e+02
    -3.65112152e+02 -4.61783417e+02 -8.64360962e+01 3.49306183e+02
    6.72879089e+02 -7.72708359e+01 7.51072937e+02 -6.49471008e+02
    2.70151978e+02 2.39099747e+02 -2.29373398e+02 -8.43978500e+00
    -4.90269890e+01 1.96263611e+02 -1.46451660e+02 -1.18492531e+02
    -7.94476547e+01 -1.95077927e+02 2.12446045e+02 2.74639191e+02
    -4.66270027e+01 3.53607574e+02 -9.91994476e+01 -1.17180748e+02
    -1.41179733e+02 -3.41366211e+02 4.72424927e+02 -2.84772064e+02
    -1.29977509e+02 -4.95748177e+01 -1.21667076e+02 -9.22498856e+01
    2.67476330e+01 -9.29564571e+00 5.65445976e+01 -7.82634354e+01
    -1.21027374e+01 7.52404213e-01 -2.53287911e+00 1.22503552e+03
    2.31251904e+03 -6.67240662e+02 -4.56676727e+02 -1.14869153e+03
    -9.73086243e+02 -5.59876892e+02 -3.93940552e+02 7.55145508e+02
    -1.81597427e+02 5.82633484e+02 -2.47860977e+02 -1.93244965e+02
    1.02607697e+02 -1.92735977e+02 1.13062248e+02 7.59434738e+01
    2.48253967e+02 -1.96184753e+02 -1.65981476e+02 -2.42785324e+02
    3.07583740e+02 -4.75578003e+02 -1.49676346e+02 -7.28602695e+00
    -2.80449341e+02 2.43428665e+02 1.61202988e+02 -1.89666412e+02
    -3.18861511e+02 9.96894226e+01 -6.23153458e+01 1.52574020e+02
    2.59603180e+02 4.39651581e+02 4.18471336e+01 1.07952454e+02
    -6.75788116e+01 1.62131332e+02 -1.90352768e+02 -1.16715746e+01
    -2.62556496e+01 3.88335919e+00 1.10599075e+02 -1.63192654e+00
    -8.90427795e+02 2.56730420e+03 6.17010010e+02 7.58951721e+02
    8.99887146e+02 7.11395447e+02 -4.44056129e+01 -1.31632129e+03
    9.88833923e+01 -1.45205078e+02 -7.01937988e+02 2.20590652e+02
    5.64003220e+01 -6.35932770e+01 4.81197906e+02 8.79995651e+01
    -4.92138977e+01 -1.37436478e+02 -3.34489868e+02 -2.54073563e+01
    -1.83657898e+02 -9.87984543e+01 6.45671997e+01 -3.78481598e+01
    -1.11465149e+02 -1.72994080e+02 4.58665504e+01 6.48717651e+01
    1.27038139e+02 -4.96719116e+02 1.79316772e+02 2.53525940e+02
    -3.82919502e+01 -2.70760101e+02 2.26014771e+02 -3.39236847e+02
    -1.80762421e+02 3.52955818e+01 -2.96213913e+01 1.54083023e+02
    -1.49257568e+02 -5.13487778e+01 3.33782482e+00 -8.04759140e+01
    6.53380890e+01 -9.39390869e+02 -2.31944727e+03 -2.45682178e+03
    1.91805627e+03 1.11767346e+03 1.71817265e+01 4.68438721e+02
    -2.81398926e+02 -3.29195343e+02 -4.31889252e+02 -2.35827179e+01
    -1.00130902e+03 -5.51333252e+02 -1.07513367e+02 -5.80508972e+02
    3.66783203e+02 2.63630615e+02 -5.23149353e+02 -7.50460571e+02
    7.21618423e+01 2.65883850e+02 2.15763367e+02 -2.50124649e+02
